0, 23, 29, 48
100, 29, 22, 49
200, 40, 11, 49
300, 37, 19, 44
400, 39, 9, 52
500, 41, 9, 50
600, 50, 11, 39
700, 38, 9, 53
800, 41, 8, 51
900, 49, 3, 48
1000, 39, 5, 56
1100, 47, 4, 49
1200, 45, 3, 52
1300, 43, 6, 51
1400, 52, 5, 43
1500, 46, 5, 49
1600, 52, 1, 47
1700, 47, 0, 53
1800, 44, 1, 55
1900, 50, 3, 47
2000, 46, 2, 52
